# Each line is one game.  First two listed players in each game form one team (a pair), 
# and the rest form the other team.
#
# No player meets any other more than once, in any capacity.

m44 = [
# Round 1:
	[
		[0, 1, 4, 6],
		[8, 16, 18, 29],
		[11, 25, 30, 33],
		[3, 26, 41, 42],
		[2, 14, 15, 20],
		[10, 17, 27, 37],
		[12, 23, 32, 40],
		[13, 19, 31, 43],
		[5, 21, 24, 28],
		[7, 22, 36, 38],
		[9, 34, 35, 39]
	],
# Round 2:
	[
		[1, 2, 5, 7],
		[9, 17, 19, 30],
		[12, 26, 31, 34],
		[4, 27, 28, 42],
		[3, 15, 16, 21],
		[11, 14, 18, 38],
		[13, 24, 33, 41],
		[0, 20, 32, 43],
		[6, 22, 25, 29],
		[8, 23, 37, 39],
		[10, 35, 36, 40]
	],
# Round 3:
	[
		[2, 3, 6, 8],
		[10, 18, 20, 31],
		[13, 27, 32, 35],
		[5, 14, 29, 42],
		[4, 16, 17, 22],
		[12, 15, 19, 39],
		[0, 25, 28, 34],
		[1, 21, 33, 43],
		[7, 23, 26, 30],
		[9, 24, 38, 40],
		[11, 36, 37, 41]
	],
# Round 4:
	[
		[3, 4, 7, 9],
		[11, 19, 21, 32],
		[0, 14, 33, 36],
		[6, 15, 30, 42],
		[5, 17, 18, 23],
		[13, 16, 20, 40],
		[1, 26, 29, 35],
		[2, 22, 34, 43],
		[8, 24, 27, 31],
		[10, 25, 39, 41],
		[12, 28, 37, 38]
	],
# Round 5:
	[
		[4, 5, 8, 10],
		[12, 20, 22, 33],
		[1, 15, 34, 37],
		[7, 16, 31, 42],
		[6, 18, 19, 24],
		[0, 17, 21, 41],
		[2, 27, 30, 36],
		[3, 23, 35, 43],
		[9, 14, 25, 32],
		[11, 26, 28, 40],
		[13, 29, 38, 39]
	],
# Round 6:
	[
		[5, 6, 9, 11],
		[13, 21, 23, 34],
		[2, 16, 35, 38],
		[8, 17, 32, 42],
		[7, 19, 20, 25],
		[1, 18, 22, 28],
		[3, 14, 31, 37],
		[4, 24, 36, 43],
		[10, 15, 26, 33],
		[12, 27, 29, 41],
		[0, 30, 39, 40]
	]
]
