# Each line is one game.  First two listed players in each game form one team (a pair), 
# and the rest form the other team.
#
# No player meets any other more than once, in any capacity.

m48 = [
# Round 1:
	[
		[0, 1, 5, 18],
		[16, 17, 21, 34],
		[2, 32, 33, 37],
		[8, 19, 41, 44],
		[9, 12, 24, 35],
		[3, 25, 28, 40],
		[4, 6, 13, 27],
		[20, 22, 29, 43],
		[11, 36, 38, 45],
		[7, 15, 26, 46],
		[14, 23, 31, 42],
		[10, 30, 39, 47]
	],
# Round 2:
	[
		[1, 2, 6, 19],
		[17, 18, 22, 35],
		[3, 33, 34, 38],
		[9, 20, 42, 45],
		[10, 13, 25, 36],
		[4, 26, 29, 41],
		[5, 7, 14, 28],
		[21, 23, 30, 44],
		[12, 37, 39, 46],
		[8, 15, 27, 32],
		[0, 24, 31, 43],
		[11, 16, 40, 47]
	],
# Round 3:
	[
		[2, 3, 7, 20],
		[18, 19, 23, 36],
		[4, 34, 35, 39],
		[10, 21, 43, 46],
		[11, 14, 26, 37],
		[5, 27, 30, 42],
		[0, 6, 8, 29],
		[16, 22, 24, 45],
		[13, 32, 38, 40],
		[9, 15, 28, 33],
		[1, 25, 31, 44],
		[12, 17, 41, 47]
	],
# Round 4:
	[
		[3, 4, 8, 21],
		[19, 20, 24, 37],
		[5, 35, 36, 40],
		[11, 22, 32, 44],
		[0, 12, 27, 38],
		[6, 16, 28, 43],
		[1, 7, 9, 30],
		[17, 23, 25, 46],
		[14, 33, 39, 41],
		[10, 15, 29, 34],
		[2, 26, 31, 45],
		[13, 18, 42, 47]
	],
# Round 5:
	[
		[4, 5, 9, 22],
		[20, 21, 25, 38],
		[6, 36, 37, 41],
		[12, 23, 33, 45],
		[1, 13, 28, 39],
		[7, 17, 29, 44],
		[2, 8, 10, 16],
		[18, 24, 26, 32],
		[0, 34, 40, 42],
		[11, 15, 30, 35],
		[3, 27, 31, 46],
		[14, 19, 43, 47]
	],
# Round 6:
	[
		[5, 6, 10, 23],
		[21, 22, 26, 39],
		[7, 37, 38, 42],
		[13, 24, 34, 46],
		[2, 14, 29, 40],
		[8, 18, 30, 45],
		[3, 9, 11, 17],
		[19, 25, 27, 33],
		[1, 35, 41, 43],
		[12, 15, 16, 36],
		[4, 28, 31, 32],
		[0, 20, 44, 47]
	]
]