# Each line is one game.  First two listed players in each game form one team (a pair), 
# and the rest form the other team (pair or triple as needed).
#
# No player meets any other more than once, in any capacity.
#
# No player is in a triple more than once.

m49 = [
# Round 1:
	[
		[0, 12, 24, 36, 48],
		[1, 13, 27, 38],
		[2, 14, 33, 47],
		[3, 15, 34, 45],
		[4, 20, 28, 37],
		[5, 21, 31, 39],
		[6, 22, 25, 41],
		[7, 23, 26, 43],
		[8, 16, 32, 42],
		[9, 17, 35, 40],
		[10, 18, 29, 46],
		[11, 19, 30, 44]
	],
# Round 2:
	[
		[0, 13, 25, 37],
		[1, 12, 26, 39],
		[48, 2, 15, 32, 46],
		[3, 14, 35, 44],
		[4, 21, 29, 36],
		[5, 20, 30, 38],
		[6, 23, 24, 40],
		[7, 22, 27, 42],
		[8, 17, 33, 43],
		[9, 16, 34, 41],
		[10, 19, 28, 47],
		[11, 18, 31, 45]
	],
# Round 3:
	[
		[0, 14, 26, 38],
		[1, 15, 25, 36],
		[2, 12, 35, 45],
		[3, 13, 32, 47],
		[4, 22, 30, 39],
		[5, 23, 29, 37],
		[48, 6, 20, 27, 43],
		[7, 21, 24, 41],
		[8, 18, 34, 40],
		[9, 19, 33, 42],
		[10, 16, 31, 44],
		[11, 17, 28, 46]
	],
# Round 4:
	[
		[0, 15, 27, 39],
		[1, 14, 24, 37],
		[2, 13, 34, 44],
		[3, 12, 33, 46],
		[4, 23, 31, 38],
		[5, 22, 28, 36],
		[6, 21, 26, 42],
		[7, 20, 25, 40],
		[8, 19, 35, 41],
		[9, 18, 32, 43],
		[10, 17, 30, 45],
		[48, 11, 16, 29, 47]
	],
# Round 5:
	[
		[0, 20, 32, 44],
		[1, 21, 35, 46],
		[2, 22, 29, 43],
		[48, 3, 23, 30, 41],
		[4, 16, 24, 45],
		[5, 17, 27, 47],
		[6, 18, 33, 37],
		[7, 19, 34, 39],
		[8, 12, 28, 38],
		[9, 13, 31, 36],
		[10, 14, 25, 42],
		[11, 15, 26, 40]
	],
# Round 6:
	[
		[0, 21, 33, 45],
		[1, 20, 34, 47],
		[2, 23, 28, 42],
		[3, 22, 31, 40],
		[4, 17, 25, 44],
		[5, 16, 26, 46],
		[6, 19, 32, 36],
		[48, 7, 18, 35, 38],
		[8, 13, 29, 39],
		[9, 12, 30, 37],
		[10, 15, 24, 43],
		[11, 14, 27, 41]
	]
]