# Each line is one game.  First two listed players in each game form one team (a pair), 
# and the rest form the other team.
#
# No player meets any other more than once, in any capacity.

m52 = [
# Round 1:
	[
		[1, 16, 24, 27],
		[8, 9, 22, 29],
		[4, 13, 23, 28],
		[2, 15, 20, 31],
		[18, 33, 41, 44],
		[25, 26, 39, 46],
		[21, 30, 40, 45],
		[19, 32, 37, 48],
		[7, 10, 35, 50],
		[5, 12, 42, 43],
		[6, 11, 38, 47],
		[3, 14, 36, 49],
		[0, 17, 34, 51]
	],
# Round 2:
	[
		[2, 4, 27, 30],
		[11, 12, 25, 32],
		[7, 16, 26, 31],
		[1, 5, 17, 23],
		[19, 21, 44, 47],
		[28, 29, 42, 49],
		[24, 33, 43, 48],
		[18, 22, 34, 40],
		[10, 13, 36, 38],
		[8, 15, 45, 46],
		[9, 14, 41, 50],
		[0, 6, 35, 39],
		[3, 20, 37, 51]
	],
# Round 3:
	[
		[8, 10, 19, 33],
		[0, 1, 21, 31],
		[5, 13, 20, 32],
		[7, 11, 23, 29],
		[25, 27, 36, 50],
		[17, 18, 38, 48],
		[22, 30, 37, 49],
		[24, 28, 40, 46],
		[2, 16, 42, 44],
		[4, 14, 34, 35],
		[3, 15, 39, 47],
		[6, 12, 41, 45],
		[9, 26, 43, 51]
	],
# Round 4:
	[
		[9, 11, 17, 20],
		[1, 2, 22, 32],
		[6, 14, 21, 33],
		[8, 12, 24, 30],
		[26, 28, 34, 37],
		[18, 19, 39, 49],
		[23, 31, 38, 50],
		[25, 29, 41, 47],
		[0, 3, 43, 45],
		[5, 15, 35, 36],
		[4, 16, 40, 48],
		[7, 13, 42, 46],
		[10, 27, 44, 51]
	],
# Round 5:
	[
		[12, 14, 20, 23],
		[4, 5, 18, 25],
		[0, 9, 19, 24],
		[11, 15, 27, 33],
		[29, 31, 37, 40],
		[21, 22, 35, 42],
		[17, 26, 36, 41],
		[28, 32, 44, 50],
		[3, 6, 46, 48],
		[1, 8, 38, 39],
		[2, 7, 34, 43],
		[10, 16, 45, 49],
		[13, 30, 47, 51]
	],
# Round 6:
	[
		[4, 6, 29, 32],
		[13, 14, 17, 27],
		[1, 9, 28, 33],
		[3, 7, 19, 25],
		[21, 23, 46, 49],
		[30, 31, 34, 44],
		[18, 26, 45, 50],
		[20, 24, 36, 42],
		[12, 15, 38, 40],
		[0, 10, 47, 48],
		[11, 16, 35, 43],
		[2, 8, 37, 41],
		[5, 22, 39, 51]
	]
]