# Each line is one game.  First two listed players in each game form one team (a pair), 
# and the rest form the other team (pair or triple as needed).
#
# No player meets any other more than once, in any capacity.
#
# No player is in a triple more than twice.  

m55 = [
# Round 1:
	[
		[0, 13, 26, 39, 52],
		[1, 14, 28, 42],
		[2, 15, 30, 45],
		[3, 16, 32, 48],
		[4, 17, 34, 51],
		[5, 18, 36, 41],
		[6, 19, 38, 44],
		[47, 7, 20, 27, 54],
		[8, 21, 29, 50],
		[9, 22, 31, 40],
		[43, 23, 10, 33, 53],
		[11, 24, 35, 46],
		[12, 25, 37, 49]
	],
# Round 2:
	[
		[53, 27, 0, 14, 40],
		[1, 15, 29, 43],
		[2, 16, 31, 46],
		[52, 33, 3, 17, 49],
		[4, 18, 35, 39],
		[5, 19, 37, 42],
		[6, 20, 26, 45],
		[7, 21, 28, 48],
		[8, 22, 30, 51],
		[9, 23, 32, 41],
		[54, 10, 24, 34, 44],
		[11, 25, 36, 47],
		[12, 13, 38, 50]
	],
# Round 3:
	[
		[54, 41, 0, 15, 28],
		[1, 16, 30, 44],
		[2, 17, 32, 47],
		[53, 34, 3, 18, 50],
		[4, 19, 36, 40],
		[5, 20, 38, 43],
		[6, 27, 52, 21, 46],
		[7, 22, 29, 49],
		[8, 23, 31, 39],
		[9, 24, 33, 42],
		[10, 25, 35, 45],
		[11, 13, 37, 48],
		[12, 14, 26, 51]
	],
# Round 4:
	[
		[0, 16, 29, 42],
		[1, 17, 31, 45],
		[2, 18, 33, 48],
		[54, 3, 19, 35, 51],
		[4, 20, 37, 41],
		[5, 21, 26, 44],
		[53, 28, 6, 22, 47],
		[7, 23, 30, 50],
		[8, 24, 32, 40],
		[52, 34, 9, 25, 43],
		[10, 13, 36, 46],
		[11, 14, 38, 49],
		[12, 15, 27, 39]
	],
# Round 5:
	[
		[0, 17, 30, 43],
		[1, 18, 32, 46],
		[2, 19, 34, 49],
		[3, 20, 36, 39],
		[4, 21, 38, 42],
		[5, 22, 27, 45],
		[54, 29, 6, 23, 48],
		[7, 24, 31, 51],
		[8, 25, 33, 41],
		[53, 44, 9, 13, 35],
		[10, 14, 37, 47],
		[11, 15, 26, 50],
		[52, 28, 16, 12, 40]
	],
# Round 6:
	[
		[0, 18, 31, 44],
		[1, 19, 33, 47],
		[52, 35, 20, 2, 50],
		[3, 21, 37, 40],
		[4, 22, 26, 43],
		[5, 23, 28, 46],
		[6, 24, 30, 49],
		[7, 25, 32, 39],
		[8, 13, 34, 42],
		[54, 9, 14, 36, 45],
		[10, 15, 38, 48],
		[11, 16, 27, 51],
		[53, 12, 17, 29, 41]
	]
]