# Each line is one game.  First two listed players in each game form one team (a pair), 
# and the rest form the other team.
#
# No player meets any other more than once, in any capacity.

m56 = [
# Round 1:
	[
		[0, 1, 28, 30],
		[2, 7, 33, 43],
		[4, 5, 32, 34],
		[6, 11, 37, 47],
		[8, 9, 36, 38],
		[10, 15, 41, 51],
		[12, 13, 40, 42],
		[14, 19, 45, 55],
		[16, 17, 44, 46],
		[18, 23, 31, 49],
		[20, 21, 48, 50],
		[22, 27, 35, 53],
		[24, 25, 52, 54],
		[3, 26, 29, 39]
	],
# Round 2:
	[
		[1, 2, 29, 31],
		[3, 8, 34, 44],
		[5, 6, 33, 35],
		[7, 12, 38, 48],
		[9, 10, 37, 39],
		[11, 16, 42, 52],
		[13, 14, 41, 43],
		[15, 20, 28, 46],
		[17, 18, 45, 47],
		[19, 24, 32, 50],
		[21, 22, 49, 51],
		[0, 23, 36, 54],
		[25, 26, 53, 55],
		[4, 27, 30, 40]
	],
# Round 3:
	[
		[2, 3, 30, 32],
		[4, 9, 35, 45],
		[6, 7, 34, 36],
		[8, 13, 39, 49],
		[10, 11, 38, 40],
		[12, 17, 43, 53],
		[14, 15, 42, 44],
		[16, 21, 29, 47],
		[18, 19, 46, 48],
		[20, 25, 33, 51],
		[22, 23, 50, 52],
		[1, 24, 37, 55],
		[26, 27, 28, 54],
		[0, 5, 31, 41]
	],
# Round 4:
	[
		[3, 4, 31, 33],
		[5, 10, 36, 46],
		[7, 8, 35, 37],
		[9, 14, 40, 50],
		[11, 12, 39, 41],
		[13, 18, 44, 54],
		[15, 16, 43, 45],
		[17, 22, 30, 48],
		[19, 20, 47, 49],
		[21, 26, 34, 52],
		[23, 24, 51, 53],
		[2, 25, 28, 38],
		[0, 27, 29, 55],
		[1, 6, 32, 42]
	],
# Round 5:
	[
		[0, 2, 17, 20],
		[3, 6, 14, 16],
		[31, 32, 39, 54],
		[40, 45, 46, 53],
		[1, 25, 36, 47],
		[11, 15, 33, 50],
		[4, 23, 38, 42],
		[9, 18, 28, 52],
		[5, 12, 37, 49],
		[19, 26, 35, 51],
		[7, 13, 30, 55],
		[21, 27, 41, 44],
		[8, 24, 29, 48],
		[10, 22, 34, 43]
	],
# Round 6:
	[
		[1, 3, 18, 21],
		[4, 7, 15, 17],
		[32, 33, 40, 55],
		[41, 46, 47, 54],
		[2, 26, 37, 48],
		[12, 16, 34, 51],
		[5, 24, 39, 43],
		[10, 19, 29, 53],
		[6, 13, 38, 50],
		[20, 27, 36, 52],
		[8, 14, 28, 31],
		[0, 22, 42, 45],
		[9, 25, 30, 49],
		[11, 23, 35, 44]
	]
]