# Each line is one game.  First two listed players in each game form one team (a pair), 
# and the rest form the other team (pair or triple as needed).
#
# No player meets any other more than once, in any capacity.
#
# No player is in a triple more than twice.

m59 = [
# Round 1:
	[
		[0, 14, 28, 42, 56],
		[1, 15, 29, 46],
		[2, 17, 34, 43],
		[47, 32, 3, 16, 57],
		[4, 21, 39, 55],
		[5, 24, 30, 51],
		[6, 25, 36, 49],
		[7, 18, 40, 44],
		[8, 26, 37, 48],
		[9, 27, 33, 52],
		[10, 22, 35, 45],
		[11, 20, 41, 53],
		[12, 23, 38, 50],
		[13, 19, 31, 54, 58]
	],
# Round 2:
	[
		[0, 16, 33, 48],
		[1, 23, 36, 55],
		[2, 22, 40, 46],
		[58, 3, 39, 24, 53],
		[57, 14, 4, 38, 49],
		[5, 20, 32, 54],
		[6, 19, 28, 52],
		[7, 17, 41, 45],
		[8, 15, 31, 44],
		[9, 26, 35, 42],
		[10, 18, 37, 43],
		[11, 27, 34, 50],
		[12, 21, 29, 51],
		[56, 30, 13, 25, 47]
	],
# Round 3:
	[
		[0, 25, 40, 52],
		[1, 21, 33, 42],
		[58, 16, 2, 44, 30],
		[3, 17, 31, 48],
		[4, 19, 36, 45],
		[5, 18, 34, 49],
		[57, 41, 6, 23, 43],
		[56, 32, 7, 26, 53],
		[8, 27, 38, 51],
		[9, 20, 28, 46],
		[10, 14, 39, 50],
		[11, 15, 35, 54],
		[12, 24, 37, 47],
		[13, 22, 29, 55]
	],
# Round 4:
	[
		[0, 23, 31, 53],
		[58, 49, 1, 27, 32],
		[2, 18, 35, 50],
		[3, 25, 38, 43],
		[4, 24, 28, 48],
		[5, 26, 41, 55],
		[6, 16, 40, 51],
		[7, 22, 34, 42],
		[8, 21, 30, 54],
		[9, 19, 29, 47],
		[10, 17, 33, 46],
		[11, 14, 37, 44],
		[56, 39, 12, 20, 45],
		[57, 13, 15, 36, 52]
	],
# Round 5:
	[
		[0, 26, 39, 49],
		[1, 24, 31, 43],
		[2, 27, 28, 54],
		[3, 23, 35, 44],
		[4, 18, 32, 46],
		[56, 5, 19, 33, 50],
		[6, 21, 38, 47],
		[7, 20, 36, 51],
		[8, 25, 29, 45],
		[58, 9, 14, 34, 55],
		[10, 15, 40, 53],
		[57, 30, 11, 22, 48],
		[12, 16, 41, 52],
		[13, 17, 37, 42]
	],
# Round 6:
	[
		[58, 47, 0, 22, 41],
		[1, 17, 38, 54],
		[2, 25, 33, 55],
		[3, 15, 34, 51],
		[4, 20, 37, 52],
		[57, 45, 5, 27, 40],
		[6, 26, 30, 50],
		[7, 14, 29, 43],
		[8, 18, 28, 53],
		[56, 44, 9, 24, 36],
		[10, 23, 32, 42],
		[11, 21, 31, 49],
		[12, 19, 35, 48],
		[13, 16, 39, 46]
	]
]