# Each line is one game.  First two listed players in each game form one team (a pair), 
# and the rest form the other team.
#
# No player meets any other more than once, in any capacity.

m60 = [
# Round 1:
	[
		[0, 1, 2, 3],
		[4, 5, 6, 7],
		[8, 9, 10, 11],
		[15, 16, 17, 18],
		[19, 20, 21, 22],
		[23, 24, 25, 26],
		[30, 31, 32, 33],
		[34, 35, 36, 37],
		[38, 39, 40, 41],
		[45, 46, 47, 48],
		[49, 50, 51, 52],
		[53, 54, 55, 56],
		[12, 27, 42, 57],
		[13, 28, 43, 58],
		[14, 29, 44, 59]
	],
# Round 2:
	[
		[0, 7, 10, 13],
		[3, 4, 9, 14],
		[1, 6, 11, 12],
		[15, 22, 25, 28],
		[18, 19, 24, 29],
		[16, 21, 26, 27],
		[30, 37, 40, 43],
		[33, 34, 39, 44],
		[31, 36, 41, 42],
		[45, 52, 55, 58],
		[48, 49, 54, 59],
		[46, 51, 56, 57],
		[2, 17, 32, 47],
		[5, 20, 35, 50],
		[8, 23, 38, 53]
	],
# Round 3:
	[
		[0, 5, 11, 14],
		[3, 6, 8, 13],
		[2, 7, 9, 12],
		[15, 20, 26, 29],
		[18, 21, 23, 28],
		[17, 22, 24, 27],
		[30, 35, 41, 44],
		[33, 36, 38, 43],
		[32, 37, 39, 42],
		[45, 50, 56, 59],
		[48, 51, 53, 58],
		[47, 52, 54, 57],
		[1, 16, 31, 46],
		[4, 19, 34, 49],
		[10, 25, 40, 55]
	],
# Round 4:
	[
		[2, 4, 11, 13],
		[1, 7, 8, 14],
		[3, 5, 10, 12],
		[17, 19, 26, 28],
		[16, 22, 23, 29],
		[18, 20, 25, 27],
		[32, 34, 41, 43],
		[31, 37, 38, 44],
		[33, 35, 40, 42],
		[47, 49, 56, 58],
		[46, 52, 53, 59],
		[48, 50, 55, 57],
		[0, 15, 30, 45],
		[6, 21, 36, 51],
		[9, 24, 39, 54]
	],
# Round 5:
	[
		[0, 4, 8, 12],
		[1, 5, 9, 13],
		[2, 6, 10, 14],
		[15, 19, 23, 27],
		[16, 20, 24, 28],
		[17, 21, 25, 29],
		[30, 34, 38, 42],
		[31, 35, 39, 43],
		[32, 36, 40, 44],
		[45, 49, 53, 57],
		[46, 50, 54, 58],
		[47, 51, 55, 59],
		[3, 18, 33, 48],
		[7, 22, 37, 52],
		[11, 26, 41, 56]
	],
# Round 6:
	[
		[12, 28, 44, 51],
		[13, 29, 42, 46],
		[14, 27, 43, 49],
		[2, 20, 38, 57],
		[5, 23, 32, 55],
		[8, 17, 35, 48],
		[1, 19, 40, 54],
		[4, 25, 31, 56],
		[10, 16, 34, 52],
		[0, 21, 39, 53],
		[6, 24, 30, 47],
		[9, 15, 36, 58],
		[3, 22, 41, 45],
		[7, 26, 33, 50],
		[11, 18, 37, 59]
	]
]