# Each line is one game.  First two listed players in each game form one team (a pair), 
# and the rest form the other team (pair or triple as needed).
#
# No player meets any other more than once, in any capacity.
#
# No player is in a triple more than twice.

m63 = [
# Round 1:
	[
		[15, 0, 60, 30, 45], 
		[1, 17, 31, 57], 
		[2, 16, 32, 56], 
		[3, 27, 34, 46], 
		[4, 29, 35, 52], 
		[5, 28, 33, 50], 
		[6, 24, 36, 59], 
		[7, 26, 37, 55], 
		[61, 8, 25, 38, 51], 
		[9, 21, 40, 48], 
		[10, 23, 41, 47], 
		[62, 22, 11, 39, 58], 
		[12, 18, 42, 49], 
		[13, 20, 43, 53], 
		[14, 19, 44, 54]
	],
# Round 2:
	[
		[62, 17, 0, 32, 47], 
		[1, 16, 30, 59], 
		[2, 15, 31, 55], 
		[3, 29, 33, 45], 
		[4, 28, 34, 51], 
		[5, 27, 35, 49], 
		[6, 26, 38, 58], 
		[7, 25, 36, 54], 
		[60, 8, 24, 37, 53], 
		[9, 23, 39, 50], 
		[10, 22, 40, 46], 
		[61, 11, 21, 41, 57], 
		[12, 20, 44, 48], 
		[13, 19, 42, 52], 
		[14, 18, 43, 56]
	],
# Round 3:
	[
		[16, 0, 61, 31, 46], 
		[1, 15, 32, 58], 
		[2, 17, 30, 54], 
		[3, 28, 35, 47], 
		[4, 27, 33, 53], 
		[5, 29, 34, 48], 
		[6, 25, 37, 57], 
		[7, 24, 38, 56], 
		[62, 8, 26, 36, 52], 
		[9, 22, 41, 49], 
		[10, 21, 39, 45], 
		[60, 11, 23, 40, 59], 
		[12, 19, 43, 50], 
		[13, 18, 44, 51], 
		[14, 20, 42, 55]
	],
# Round 4:
	[
		[0, 27, 42, 57], 
		[1, 29, 43, 54], 
		[61, 2, 28, 44, 53], 
		[3, 24, 31, 58], 
		[4, 26, 32, 49], 
		[5, 25, 30, 47], 
		[62, 21, 6, 33, 56], 
		[7, 23, 34, 52], 
		[8, 22, 35, 48], 
		[9, 18, 37, 45], 
		[10, 20, 38, 59], 
		[11, 19, 36, 55], 
		[12, 15, 39, 46], 
		[13, 17, 40, 50], 
		[60, 51, 16, 41, 14]
	],
# Round 5:
	[
		[0, 29, 44, 59], 
		[1, 28, 42, 56], 
		[60, 52, 27, 43, 2], 
		[3, 26, 30, 57], 
		[4, 25, 31, 48], 
		[5, 24, 32, 46], 
		[61, 6, 23, 35, 55], 
		[7, 22, 33, 51], 
		[8, 21, 34, 50], 
		[9, 20, 36, 47], 
		[10, 19, 37, 58], 
		[11, 18, 38, 54], 
		[12, 17, 41, 45], 
		[13, 16, 39, 49], 
		[53, 14, 15, 40, 62]
	],
# Round 6:
	[
		[0, 28, 43, 58], 
		[1, 27, 44, 55], 
		[62, 2, 29, 42, 51], 
		[3, 25, 32, 59], 
		[4, 24, 30, 50], 
		[5, 26, 31, 45], 
		[60, 6, 22, 34, 54], 
		[7, 21, 35, 53], 
		[8, 23, 33, 49], 
		[9, 19, 38, 46], 
		[10, 18, 36, 57], 
		[11, 20, 37, 56], 
		[12, 16, 40, 47], 
		[13, 15, 41, 48], 
		[61, 14, 17, 39, 52]
	]
]
