# Each line is one game.  First two listed players in each game form one team (a pair), 
# and the rest form the other team (pair or triple as needed).
#
# No player meets any other more than once, in any capacity.

m64 = [
# Round 1:
	[
		[0, 16, 32, 48], 
		[1, 17, 33, 49], 
		[2, 18, 34, 50], 
		[3, 19, 35, 51], 
		[4, 20, 36, 52], 
		[5, 21, 37, 53], 
		[6, 22, 38, 54], 
		[7, 23, 39, 55], 
		[8, 24, 40, 56], 
		[9, 25, 41, 57], 
		[10, 26, 42, 58], 
		[11, 27, 43, 59], 
		[12, 28, 44, 60], 
		[13, 29, 45, 61], 
		[14, 30, 46, 62], 
		[15, 31, 47, 63]
	],
# Round 2:
	[
		[0, 19, 34, 49], 
		[1, 18, 35, 48], 
		[2, 17, 32, 51], 
		[3, 16, 33, 50], 
		[4, 23, 38, 53], 
		[5, 22, 39, 52], 
		[6, 21, 36, 55], 
		[7, 20, 37, 54], 
		[8, 27, 42, 57], 
		[9, 26, 43, 56], 
		[10, 25, 40, 59], 
		[11, 24, 41, 58], 
		[12, 31, 46, 61], 
		[13, 30, 47, 60], 
		[14, 29, 44, 63], 
		[15, 28, 45, 62]
	],
# Round 3:
	[
		[0, 17, 35, 50], 
		[1, 16, 34, 51], 
		[2, 19, 33, 48], 
		[3, 18, 32, 49], 
		[4, 21, 39, 54], 
		[5, 20, 38, 55], 
		[6, 23, 37, 52], 
		[7, 22, 36, 53], 
		[8, 25, 43, 58], 
		[9, 24, 42, 59], 
		[10, 27, 41, 56], 
		[11, 26, 40, 57], 
		[12, 29, 47, 62], 
		[13, 28, 46, 63], 
		[14, 31, 45, 60], 
		[15, 30, 44, 61]
	],
# Round 4:
	[	
		[0, 18, 33, 51], 
		[1, 19, 32, 50], 
		[2, 16, 35, 49], 
		[3, 17, 34, 48], 
		[4, 22, 37, 55], 
		[5, 23, 36, 54], 
		[6, 20, 39, 53], 
		[7, 21, 38, 52], 
		[8, 26, 41, 59], 
		[9, 27, 40, 58], 
		[10, 24, 43, 57], 
		[11, 25, 42, 56], 
		[12, 30, 45, 63], 
		[13, 31, 44, 62], 
		[14, 28, 47, 61], 
		[15, 29, 46, 60]
	],
# Round 5:
	[
		[0, 1, 2, 3], 
		[16, 17, 18, 19], 
		[32, 33, 34, 35], 
		[48, 49, 50, 51], 
		[4, 5, 6, 7], 
		[20, 21, 22, 23], 
		[36, 37, 38, 39], 
		[52, 53, 54, 55], 
		[8, 9, 10, 11], 
		[24, 25, 26, 27], 
		[40, 41, 42, 43], 
		[56, 57, 58, 59], 
		[12, 13, 14, 15], 
		[28, 29, 30, 31], 
		[44, 45, 46, 47], 
		[60, 61, 62, 63]
	],
# Round 6:
	[
		[0, 7, 10, 13], 
		[16, 23, 26, 29], 
		[32, 39, 42, 45], 
		[48, 55, 58, 61], 
		[3, 4, 9, 14], 
		[19, 20, 25, 30], 
		[35, 36, 41, 46], 
		[51, 52, 57, 62], 
		[2, 5, 8, 15], 
		[18, 21, 24, 31], 
		[34, 37, 40, 47], 
		[50, 53, 56, 63], 
		[1, 6, 11, 12], 
		[17, 22, 27, 28], 
		[33, 38, 43, 44], 
		[49, 54, 59, 60]
	]
]