# Each line is one game.  First two listed players in each game form one team (a pair), 
# and the rest form the other team (pair or triple as needed).
#
# No player meets any other more than once, in any capacity.
#
# No player is in a triple more than once.

m65 = [
# Round 1:
	[
		[0, 16, 32, 48, 64], 
		[1, 17, 34, 51], 
		[2, 18, 35, 52], 
		[3, 19, 36, 53], 
		[4, 20, 37, 54], 
		[5, 21, 38, 55], 
		[6, 22, 39, 56], 
		[7, 23, 40, 57], 
		[8, 24, 41, 58], 
		[9, 25, 42, 59], 
		[10, 26, 43, 60], 
		[11, 27, 44, 61], 
		[12, 28, 45, 62], 
		[13, 29, 46, 63], 
		[14, 30, 47, 49], 
		[15, 31, 33, 50]
	],
# Round 2:
	[
		[0, 17, 33, 49], 
		[1, 16, 37, 57], 
		[2, 21, 41, 63], 
		[3, 25, 47, 50], 
		[4, 31, 34, 59], 
		[5, 18, 43, 62], 
		[6, 27, 46, 58], 
		[7, 30, 42, 51], 
		[8, 26, 35, 56], 
		[9, 19, 40, 54], 
		[10, 24, 38, 61], 
		[11, 22, 45, 60], 
		[12, 29, 44, 55], 
		[64, 13, 28, 39, 52], 
		[14, 23, 36, 48], 
		[15, 20, 32, 53]
	],
# Round 3:
	[
		[0, 18, 34, 50], 
		[1, 21, 32, 54], 
		[2, 16, 38, 58], 
		[3, 22, 42, 49], 
		[4, 26, 33, 51], 
		[5, 17, 35, 60], 
		[6, 19, 44, 63], 
		[7, 28, 47, 59], 
		[8, 31, 43, 52], 
		[9, 27, 36, 57], 
		[10, 20, 41, 55], 
		[11, 25, 39, 62], 
		[12, 23, 46, 61], 
		[13, 30, 45, 56], 
		[64, 14, 29, 40, 53], 
		[15, 24, 37, 48]
	],
# Round 4:
	[
		[0, 19, 35, 51], 
		[1, 25, 38, 48], 
		[2, 22, 32, 55], 
		[3, 16, 39, 59], 
		[4, 23, 43, 50], 
		[5, 27, 34, 52], 
		[6, 18, 36, 61], 
		[7, 20, 45, 49], 
		[8, 29, 33, 60], 
		[9, 17, 44, 53], 
		[10, 28, 37, 58], 
		[11, 21, 42, 56], 
		[12, 26, 40, 63], 
		[13, 24, 47, 62], 
		[14, 31, 46, 57], 
		[64, 15, 30, 41, 54]
	],
# Round 5:
	[
		[0, 20, 36, 52], 
		[64, 1, 31, 42, 55], 
		[2, 26, 39, 48], 
		[3, 23, 32, 56], 
		[4, 16, 40, 60], 
		[5, 24, 44, 51], 
		[6, 28, 35, 53], 
		[7, 19, 37, 62], 
		[8, 21, 46, 50], 
		[9, 30, 34, 61], 
		[10, 18, 45, 54], 
		[11, 29, 38, 59], 
		[12, 22, 43, 57], 
		[13, 27, 41, 49], 
		[14, 25, 33, 63], 
		[15, 17, 47, 58]
	],
# Round 6:
	[
		[0, 21, 37, 53], 
		[1, 18, 33, 59], 
		[64, 2, 17, 43, 56], 
		[3, 27, 40, 48], 
		[4, 24, 32, 57], 
		[5, 16, 41, 61], 
		[6, 25, 45, 52], 
		[7, 29, 36, 54], 
		[8, 20, 38, 63], 
		[9, 22, 47, 51], 
		[10, 31, 35, 62], 
		[11, 19, 46, 55], 
		[12, 30, 39, 60], 
		[13, 23, 44, 58], 
		[14, 28, 42, 50], 
		[15, 26, 34, 49]
	]
]
